%YAML:1.0
R: !!opencv-matrix
   rows: 3
   cols: 3
   dt: d
   data: [ 9.9997980904323580e-01, 1.5558948910699834e-03,
       -6.1612252792507347e-03, -1.5330801176820482e-03,
       9.9999195775438543e-01, 3.7059535755578333e-03,
       6.1669418033985027e-03, -3.6964330968332457e-03,
       9.9997415227152453e-01 ]
T: !!opencv-matrix
   rows: 3
   cols: 1
   dt: d
   data: [ -6.4103029110061815e-01, -2.1826539153482874e-01,
       -2.8928492930036739e-02 ]
R1: !!opencv-matrix
   rows: 3
   cols: 3
   dt: d
   data: [ 9.4551865749995412e-01, 3.2333724344083237e-01,
       3.8045963301881980e-02, -3.2342679734080698e-01,
       9.4624496202608255e-01, -3.9469737934483161e-03,
       -3.7277004726141816e-02, -8.5731467001048042e-03,
       9.9926819526807009e-01 ]
R2: !!opencv-matrix
   rows: 3
   cols: 3
   dt: d
   data: [ 9.4576823558791345e-01, 3.2202608380233089e-01,
       4.2680743946878229e-02, -3.2192369114749919e-01,
       9.4671856398257159e-01, -9.4391572053337293e-03,
       -4.3446307448324555e-02, -4.8126875767748965e-03,
       9.9904417139954038e-01 ]
P1: !!opencv-matrix
   rows: 3
   cols: 4
   dt: d
   data: [ 4.8267318281261541e+03, 0., 6.0456917190551758e+02, 0., 0.,
       4.8267318281261541e+03, 5.4302377319335938e+02, 0., 0., 0., 1.,
       0. ]
P2: !!opencv-matrix
   rows: 3
   cols: 4
   dt: d
   data: [ 4.8267318281261541e+03, 0., 6.0456917190551758e+02,
       -3.2715005562911169e+03, 0., 4.8267318281261541e+03,
       5.4302377319335938e+02, 0., 0., 0., 1., 0. ]
Q: !!opencv-matrix
   rows: 4
   cols: 4
   dt: d
   data: [ 1., 0., 0., -6.0456917190551758e+02, 0., 1., 0.,
       -5.4302377319335938e+02, 0., 0., 0., 4.8267318281261541e+03, 0.,
       0., 1.4753877448818762e+00, 0. ]
