%YAML:1.0
R: !!opencv-matrix
   rows: 3
   cols: 3
   dt: d
   data: [ 9.9999939219327005e-01, 1.4670156492666958e-04,
       1.0927450485954222e-03, -1.4033958111940348e-04,
       9.9998305483651861e-01, -5.8198234188037530e-03,
       -1.0935803090550672e-03, 5.8196665260935214e-03,
       9.9998246762812426e-01 ]
T: !!opencv-matrix
   rows: 3
   cols: 1
   dt: d
   data: [ -9.0409625833109308e-01, -1.4176162048910411e-02,
       -4.9816185917705411e-02 ]
R1: !!opencv-matrix
   rows: 3
   cols: 3
   dt: d
   data: [ 9.9830010177195794e-01, 1.6120596519745505e-02,
       5.6009223972003530e-02, -1.5957414716082283e-02,
       9.9986702842403075e-01, -3.3595217036480399e-03,
       -5.6055933831107005e-02, 2.4600484438097418e-03,
       9.9842459927827132e-01 ]
R2: !!opencv-matrix
   rows: 3
   cols: 3
   dt: d
   data: [ 9.9836306371734551e-01, 1.5654258542147741e-02,
       5.5010337159583915e-02, -1.5814394059977508e-02,
       9.9987187679375844e-01, 2.4768805871027109e-03,
       -5.4964515329722075e-02, -3.3427812406157634e-03,
       9.9848271285393120e-01 ]
P1: !!opencv-matrix
   rows: 3
   cols: 4
   dt: d
   data: [ 5.1345325557728538e+03, 0., 7.4669679260253906e+02, 0., 0.,
       5.1345325557728538e+03, 1.0934308509826660e+03, 0., 0., 0., 1.,
       0. ]
P2: !!opencv-matrix
   rows: 3
   cols: 4
   dt: d
   data: [ 5.1345325557728538e+03, 0., 7.4669679260253906e+02,
       -4.6497229721908934e+03, 0., 5.1345325557728538e+03,
       1.0934308509826660e+03, 0., 0., 0., 1., 0. ]
Q: !!opencv-matrix
   rows: 4
   cols: 4
   dt: d
   data: [ 1., 0., 0., -7.4669679260253906e+02, 0., 1., 0.,
       -1.0934308509826660e+03, 0., 0., 0., 5.1345325557728538e+03, 0.,
       0., 1.1042663372595560e+00, 0. ]
