%YAML:1.0
M1: !!opencv-matrix
   rows: 3
   cols: 3
   dt: d
   data: [ 9.0891331338294167e+03, 0., 1.0354644616040075e+03, 0.,
       9.0891331338294167e+03, 5.8584680782902512e+02, 0., 0., 1. ]
D1: !!opencv-matrix
   rows: 1
   cols: 8
   dt: d
   data: [ 1.3528544545736973e-01, -4.4320480292572100e+01, 0., 0., 0.,
       0., 0., -1.6843333899495899e+01 ]
M2: !!opencv-matrix
   rows: 3
   cols: 3
   dt: d
   data: [ 9.0891331338294167e+03, 0., 1.0353661328251746e+03, 0.,
       9.0891331338294167e+03, 5.8613634263487495e+02, 0., 0., 1. ]
D2: !!opencv-matrix
   rows: 1
   cols: 8
   dt: d
   data: [ -1.1644584147848760e+00, 2.1285159651221008e+02, 0., 0., 0.,
       0., 0., 1.3964673327755445e+04 ]
