%YAML:1.0
M1: !!opencv-matrix
   rows: 3
   cols: 3
   dt: d
   data: [ 5.4772503295641391e+03, 0., 1.0339864664323486e+03, 0.,
       5.4006008875136104e+03, 1.1026318497650191e+03, 0., 0., 1. ]
D1: !!opencv-matrix
   rows: 1
   cols: 8
   dt: d
   data: [ -6.7730666348091814e-02, -9.6498057061642655e+00, 0., 0., 0.,
       0., 0., -2.3615413722159133e+02 ]
M2: !!opencv-matrix
   rows: 3
   cols: 3
   dt: d
   data: [ 5.4772503295641391e+03, 0., 1.0599294518512349e+03, 0.,
       5.4006008875136104e+03, 1.1007960697466713e+03, 0., 0., 1. ]
D2: !!opencv-matrix
   rows: 1
   cols: 8
   dt: d
   data: [ -3.2773083312638773e-01, 4.2842396262905069e+00, 0., 0., 0.,
       0., 0., 4.5281527944986308e+01 ]
